
strategic_region={
	id=1
	name="STRATEGICREGION_1"
	provinces={
		2466 2466 2480 2480 2481 2481 2495 2500 2500 2501 2501 2509 2510 2510 2514 2514 2518 2518 2519 2519 2525 2534 2534 2541 2541 2542 2542 2543 2543 2544 2544 2551 2551 2554 2560 2560 2566 2566 2574 2574 2575 2575 2584 2584 2587 2588 2588 2589 2589 2596 2610 2629 2629 2633 2645 2646 2647 2653 2653 2662 2662 2663 2667 2674 2675 2693 2694 2695 2697 2697 2706 2707 2711 2716 2717 2730 2730 2734 2734 2740 2741 2748 2756 2757 2757 2758 2759 2759 2763 2767 2768 2771 2777 2778 2779 2784 2785 2788 2792 2793 2803 2804 2807 2808 2818 2822 2826 2831 2832 2833 2836 2838 2839 2840 2845 2846 2851 2856 2864 2865 2866 2870 2871 2878 2893 2894 2897 2898 2904 2908 2913 2920 2927 2939 2957 2972 2979 3012 3016 3037 3046 3056 3068 3072 3080 3082 3083 3088 
	}
	weather={
	}
}
