
strategic_region={
	id=102
	name="STRATEGICREGION_102"
	provinces={
		1486 1551 1558 1562 1564 1565 1568 1569 1570 1572 1575 1576 1577 1578 1581 1582 1583 1584 1585 1588 1589 1590 1592 1593 1594 1595 1597 1598 1599 1601 1602 1603 1605 1606 1607 1609 1613 1614 1615 1616 1617 1619 1620 1621 1626 1627 1629 1632 1633 1634 1635 1636 1637 1638 1640 1642 1643 1644 1645 1646 1648 1649 1653 1654 1657 1658 1659 1660 1661 1662 1666 1667 1668 1671 1672 1675 1676 1677 1680 1681 1682 1685 1689 1693 1694 1695 1698 1699 1702 1703 1707 1708 1711 1712 1714 1719 1724 1725 1726 1730 1731 1732 1734 1735 1736 1737 1738 1739 1744 1746 1747 1748 1752 1753 1757 1758 1761 1763 1764 1765 1766 1772 1774 1779 1783 1784 1787 1789 1792 1793 1797 1798 1799 1810 1811 1812 1813 1814 1822 1824 1825 1826 1828 1829 1834 1835 1836 1841 1843 1848 1849 1852 1857 1858 1864 1869 1870 1873 1874 1875 1876 1881 1883 1887 1888 1890 1892 1897 1898 1903 1904 1905 1906 1907 1908 1909 1910 1914 1915 1920 1921 1922 1924 1925 1929 1930 1933 1934 1938 1939 1940 1941 1942 1945 1946 1947 1948 1952 1953 1954 1960 1965 1966 1967 1968 1969 1970 1971 1978 1983 1984 1987 1988 1989 1990 1993 1994 2000 2001 2002 2003 2004 2007 2011 2012 2013 2016 2017 2022 2023 2024 2025 2030 2031 2035 2036 2037 2044 2045 2050 2051 2052 2053 2054 2055 2062 2066 2076 2077 2080 2081 2085 2086 2087 2096 2097 2106 2107 2110 2111 2120 2121 2126 2129 2136 2137 2138 2152 2153 2158 2159 2160 2171 2172 2177 2178 2183 2184 2196 2207 2212 2213 2214 2217 2221 2222 2228 2235 2236 2237 2242 2245 2251 2252 2261 2262 2278 2283 2284 2285 2290 2291 2297 2303 2306 2311 2325 2326 2330 2331 2335 2336 2349 2355 2361 2362 2363 2373 2374 2393 2394 2395 2396 2399 2400 2407 2408 2418 2419 2423 2424 2435 2436 2437 2442 2443 2449 2482 2515 2535 2567 4960 4961 4962 4969 
	}
	weather={
	}
}
