
strategic_region={
	id=103
	name="STRATEGICREGION_103"
	provinces={
		3004 3042 3067 3135 3140 3147 3156 3157 3164 3175 3177 3182 3183 3188 3189 3190 3191 3193 3194 3195 3196 3197 3199 3200 3201 3202 3203 3204 3205 3207 3208 3212 3213 3214 3217 3218 3219 3220 3221 3222 3224 3226 3227 3228 3229 3230 3232 3233 3235 3236 3237 3238 3239 3240 3241 3242 3243 3244 3245 3246 3247 3249 3250 3251 3253 3254 3255 3256 3257 3259 3260 3261 3262 3267 3272 3278 3280 3281 3282 3297 3298 3300 3301 3324 5194 
	}
	weather={
	}
}
