
strategic_region={
	id=4
	name="STRATEGICREGION_4"
	provinces={
		99 100 101 116 131 132 136 140 141 149 150 153 162 165 169 170 171 175 177 178 181 185 202 203 204 205 208 209 211 217 219 222 223 226 227 231 235 236 239 244 251 255 256 259 260 261 263 264 266 278 280 283 285 289 290 300 302 304 305 308 312 313 316 319 324 326 333 334 336 337 340 341 342 343 346 351 352 353 358 361 365 369 371 372 384 386 387 390 392 393 402 405 406 418 424 426 436 441 445 454 455 463 470 475 482 485 489 494 501 504 508 517 519 532 533 545 549 560 563 564 571 580 
	}
	weather={
	}
}
