
strategic_region={
	id=43
	name="STRATEGICREGION_43"
	provinces={
		3295 3732 3737 3740 3870 3871 3872 3873 3874 3875 3876 3877 3878 3879 3880 3881 3882 3883 3884 3885 3886 3887 3888 3889 3890 3891 3892 3893 3894 3895 3896 3897 3898 3899 3900 3901 3902 3903 3904 3905 3906 3907 3908 3909 3910 3911 3912 3913 3914 4683 4770 4785 4795 4818 4819 4832 4835 4836 4837 4842 4844 4847 4853 4856 4858 4860 4861 4862 4864 4865 4868 4869 4870 4871 4872 4873 4874 4875 4876 4877 4878 4948 4953 4983 
	}
	weather={
	}
}
