
strategic_region={
	id=60
	name="STRATEGICREGION_60"
	provinces={
		3073 3144 3168 3248 3263 3270 3288 3293 3299 3303 3311 3313 3314 3315 3316 3318 3321 3322 3325 3326 3327 3328 3330 3332 3333 3336 3337 3339 3340 3341 3342 3344 3348 3353 3355 3357 3358 3360 3363 3364 3366 3368 3369 3370 3371 3372 3374 3376 3377 3380 3382 3383 3384 3385 3386 3387 3388 3390 3391 3395 3396 3398 3399 3401 3402 3403 3404 3405 3406 3407 3409 3410 3411 3415 3416 3417 3423 3424 3425 3426 3428 3431 3432 3434 3435 3437 3439 3442 3447 3448 3449 3451 3454 3455 3456 3458 3459 3460 3461 3462 3463 3464 3466 3468 3469 3472 3473 3474 3475 3476 3477 3479 3480 3483 3486 3488 3490 3491 3492 3493 3494 3495 3498 3499 3500 3501 3502 3503 3507 3508 3509 3510 3512 3515 3516 3517 3518 3519 3520 3521 3522 3525 3526 3529 3531 3532 3534 3535 3538 3539 3540 3542 3543 3544 3545 3546 3547 3549 3550 3551 3552 3553 3554 3555 3556 3557 3558 3559 3560 3561 3562 3563 3567 3568 3569 3570 3571 3572 3573 3574 3575 3576 3577 3580 3582 3583 3584 3585 3586 3587 3591 3592 3594 3595 3596 3597 3600 3601 3603 3604 3609 3614 3615 3617 3618 3619 3624 3625 3628 3630 3631 3637 3643 3645 4902 
	}
	weather={
	}
}
