
strategic_region={
	id=63
	name="STRATEGICREGION_63"
	provinces={
		1610 1628 1630 1639 1641 1647 1651 1655 1656 1663 1664 1669 1673 1674 1678 1679 1683 1686 1690 1696 1697 1700 1701 1704 1705 1706 1709 1710 1713 1717 1718 1720 1727 1728 1733 1740 1741 1742 1745 1749 1750 1754 1755 1756 1759 1760 1762 1767 1768 1769 1770 1773 1775 1776 1777 1778 1780 1781 1782 1785 1790 1791 1794 1800 1801 1802 1803 1806 1807 1809 1815 1816 1817 1818 1819 1820 1823 1827 1830 1831 1832 1833 1837 1838 1839 1842 1844 1845 1846 1847 1850 1853 1854 1855 1859 1860 1861 1862 1863 1865 1866 1867 1871 1877 1878 1879 1880 1882 1884 1885 1886 1889 1891 1893 1894 1895 1899 1900 1901 1902 1911 1912 1913 1916 1917 1923 1926 1927 1928 1931 1932 1935 1943 1949 1950 1955 1956 1957 1958 1961 1962 1972 1973 1974 1975 1976 1979 1980 1981 1982 1985 1986 1991 1992 1995 1996 1997 1999 2005 2008 2009 2010 2014 2018 2019 2020 2021 2026 2027 2032 2033 2034 2038 2039 2040 2041 2042 2046 2056 2057 2058 2059 2060 2063 2067 2068 2069 2070 2071 2072 2078 2082 2083 2088 2089 2090 2093 2094 2098 2099 2100 2103 2104 2108 2112 2113 2114 2115 2122 2123 2130 2131 2132 2133 2134 2139 2140 2141 2142 2143 2147 2148 2149 2154 2155 2161 2162 2163 2168 2173 2174 2175 2179 2180 2185 2186 2187 2188 2189 2191 2192 2197 2198 2200 2201 2202 2203 2204 2205 2208 2209 2210 2215 2216 2218 2223 2224 2229 2230 2231 2232 2233 2234 2238 2239 2240 2243 2246 2248 2249 2250 2253 2254 2255 2256 2257 2263 2264 2265 2266 2267 2268 2269 2274 2275 2276 2279 2280 2286 2287 2288 2289 2292 2293 2294 2296 2298 2299 2300 2304 2305 2307 2308 2312 2313 2314 2316 2317 2318 2319 2320 2321 2327 2332 2333 2341 2342 2343 2344 2345 2350 2351 2352 2353 2356 2357 2358 2360 2364 2365 2366 2367 2368 2369 2370 2375 2377 2378 2379 2380 2384 2385 2386 2387 2388 2389 2390 2392 2401 2402 2403 2404 2405 2409 2410 2412 2413 2414 2415 2416 2420 2421 2425 2426 2429 2430 2438 2439 2440 2444 2450 2451 2452 2454 2455 2456 2457 2458 2462 2463 2464 2465 2467 2468 2471 2474 2475 2479 2483 2484 2485 2486 2487 2489 2490 2497 2502 2503 2504 2505 2506 2507 2511 2512 2513 2516 2517 2521 2522 2523 2524 2526 2527 2528 2531 2532 2536 2537 2538 2539 2540 2547 2548 2552 2553 2555 2556 2557 2561 2562 2563 2568 2569 2570 2571 2577 2578 2579 2580 2585 2592 2593 2594 2597 2598 2599 2600 2601 2602 2605 2606 2607 2608 2611 2612 2613 2615 2616 2617 2618 2619 2621 2622 2623 2624 2625 2626 2627 2628 2630 2634 2635 2636 2639 2641 2642 2643 2644 2648 2649 2650 2651 2652 2654 2655 2656 2659 2660 2661 2664 2665 2666 2669 2670 2672 2673 2677 2678 2679 2680 2681 2682 2683 2687 2688 2689 2690 2691 2692 2696 2699 2700 2701 2702 2708 2709 2710 2712 2713 2714 2718 2719 2720 2721 2722 2725 2726 2727 2731 2732 2733 2735 2736 2737 2738 2742 2743 2744 2745 2746 2747 2749 2750 2751 2752 2753 2754 2755 2760 2761 2762 2764 2765 2766 2769 2770 2773 2775 2776 2780 2781 2782 2783 2786 2787 2789 2790 2794 2795 2796 2797 2798 2801 2805 2806 2811 2812 2813 2814 2815 2816 2817 2819 2820 2821 2823 2824 2827 2828 2830 2834 2835 2842 2843 2844 2847 2848 2849 2850 2852 2853 2854 2855 2857 2858 2860 2861 2862 2867 2868 2869 2873 2874 2875 2876 2877 2879 2880 2881 2883 2884 2885 2886 2890 2891 2892 2895 2896 2899 2900 2901 2902 2903 2907 2909 2910 2911 2912 2915 2916 2917 2918 2919 2921 2922 2923 2924 2928 2929 2930 2932 2933 2935 2936 2937 2938 2940 2943 2944 2945 2946 2949 2950 2954 2955 2956 2958 2959 2961 2962 2963 2964 2966 2967 2968 2969 2970 2971 2973 2974 2975 2976 2977 2980 2981 2983 2984 2986 2987 2988 2989 2990 2991 2992 2993 2994 2995 2996 2997 2998 2999 3000 3001 3002 3003 3005 3006 3007 3008 3009 3010 3011 3014 3017 3022 3025 3027 3028 3029 3030 3031 3032 3033 3034 3035 3036 3038 3043 3045 3047 3048 3049 3051 3062 3064 3069 3077 3086 3087 3093 3097 3099 3806 4915 
	}
	weather={
	}
}
