
strategic_region={
	id=72
	name="STRATEGICREGION_72"
	provinces={
		43 44 45 46 47 48 49 50 51 52 53 54 55 56 57 58 59 60 70 71 72 73 75 76 77 78 82 83 84 85 87 88 89 92 93 94 95 96 97 103 105 106 107 108 112 117 119 121 122 123 124 126 127 130 133 134 138 142 146 147 151 154 157 160 161 163 164 166 167 172 174 179 182 186 187 190 192 198 201 214 215 220 229 237 241 242 245 249 257 265 268 271 273 277 284 287 292 294 299 301 309 310 311 314 330 349 362 363 364 373 377 388 395 
	}
	weather={
	}
}
