
strategic_region={
	id=73
	name="STRATEGICREGION_73"
	provinces={
		1091 1121 1132 1135 1137 1140 1141 1143 1144 1145 1149 1150 1151 1158 1159 1162 1163 1164 1165 1166 1167 1169 1174 1175 1176 1178 1179 1182 1185 1190 1191 1192 1193 1196 1197 1198 1202 1203 1204 1205 1206 1207 1209 1210 1211 1213 1214 1218 1219 1220 1221 1227 1228 1235 1237 1238 1239 1241 1244 1247 1250 1251 1252 1253 1254 1255 1256 1258 1264 1265 1267 1268 1269 1270 1271 1272 1273 1275 1276 1277 1278 1279 1280 1283 1284 1285 1286 1287 1289 1290 1294 1295 1296 1299 1300 1301 1302 1303 1304 1305 1307 1309 1310 1313 1315 1316 1317 1319 1320 1322 1323 1324 1325 1331 1335 1346 1355 1359 1373 1390 3805 5200 5201 5202 5203 5205 5206 5209 5210 5213 5214 5216 5217 5218 5220 5222 5224 5226 5227 5228 5229 5230 5231 5232 5233 5234 5235 5236 5237 5238 5239 5240 5241 5242 5243 5244 5245 5246 5247 5248 5249 5250 5251 5252 5253 5254 5255 5256 5257 5258 5259 5260 
	}
	weather={
	}
}
