
strategic_region={
	id=9
	name="STRATEGICREGION_9"
	provinces={
		2529 3725 4619 4620 4621 4622 4623 4624 4625 4626 4627 4628 4629 4630 4631 4634 4636 4638 4639 4640 4642 4643 4644 4646 4648 4650 4652 4653 4654 4656 4657 4662 4663 4664 4666 4667 4668 4669 4674 4677 4678 4679 4680 4684 4687 4688 4693 4694 4696 4698 4700 4702 4703 4704 4706 4711 4713 4715 4716 4717 4722 4724 4726 4728 4730 4731 4733 4734 4735 4737 4738 4739 4741 4742 4743 4744 4745 4746 4748 4749 4750 4751 4752 4754 4755 4756 4757 4758 4759 4760 4763 4765 4767 4778 4946 4947 4955 4958 4963 4964 4970 4971 4972 4973 4974 4975 
	}
	weather={
	}
}
