
state={
	id=111
	name="STATE_111"

	history={
		owner = IRA
		buildings = {
			infrastructure = 1

		}
		add_core_of = IRA

	}

	provinces={
		2529 4619 4620 4621 4623 4624 4625 4626 4627 4628 4629 4630 4631 4634 4636 4638 4639 4640 4642 4643 4644 4646 4648 4650 4652 4653 4656 4657 4662 4664 4666 4667 4668 4669 4674 4677 4678 4679 4680 4684 4687 4688 4693 4694 4696 4698 4700 4702 4703 4704 4706 4713 4715 4716 4717 4722 4724 4730 4731 4733 4738 4745 4746 4749 4755 4946 4947 4963 4964 
	}
	manpower=0
	buildings_max_level_factor=1.000
}
