state={
	id=362
	name="STATE_362"

	history={
		owner = ISI
		buildings = {
			infrastructure = 1

		}
		add_core_of = ISI

	}

	provinces={
		1610 1628 1630 1639 1641 1647 1651 1655 1656 1663 1664 1669 1673 1674 1678 1679 1683 1686 1690 1696 1697 1700 1701 1704 1705 1706 1709 1710 1713 1717 1718 1720 1727 1728 1733 1740 1741 1742 1745 1749 1750 1754 1755 1756 1759 1760 1762 1768 1769 1770 1773 1775 1776 1777 1778 1781 1782 1785 1791 1794 1800 1801 1802 1803 1806 1809 1819 1820 1823 1831 1832 1837 1838 1839 1842 1844 1855 1860 1861 1862 1866 1878 1879 1885 1894 1895 1902 1916 1917 1950 1957 
	}
	manpower=0
	buildings_max_level_factor=1.000
}
