state={
	id=363
	name="STATE_363"

	history={
		owner = ISI
		buildings = {
			infrastructure = 1

		}
		add_core_of = ISI

	}

	provinces={
		1767 1780 1790 1815 1816 1817 1818 1827 1830 1845 1846 1850 1853 1854 1859 1865 1871 1877 1882 1884 1889 1891 1893 1899 1900 1901 1911 1912 1926 1927 1928 1931 1949 1955 1956 1961 1962 1972 1973 1974 1975 1979 1980 1981 1982 1991 1992 1995 1996 1997 2005 2008 2010 2018 2019 2020 2021 2026 2032 2033 2038 2039 2040 2041 2042 2056 2059 2067 2068 2069 2070 2082 2088 2089 2093 2098 2099 2100 2112 2113 2114 2115 2123 2132 2133 2139 2140 2148 2154 2163 2173 2174 2179 2197 2201 2204 2223 2233 2239 2253 
	}
	manpower=0
	buildings_max_level_factor=1.000
}
