
state={
	id=378
	name="STATE_378"

	history={
		owner = SRI
		buildings = {
			infrastructure = 1

		}
		add_core_of = SRI

	}

	provinces={
		2502 2536 2555 2561 2577 2615 2621 2634 2641 2642 2659 2677 2678 2689 2696 2708 2709 2710 2712 2713 2735 2742 2745 2746 2749 2752 2764 2765 2775 2780 2781 2789 2794 2795 2796 2805 2806 2811 2812 2813 2819 2823 2827 2834 2835 2842 2847 2852 2853 2855 2860 2861 2867 2868 2873 2874 2875 2876 2879 2880 2883 2884 2890 2895 2896 2899 2902 2907 2909 2910 2911 2915 2916 2917 2918 2919 2921 2922 2923 2928 2929 2932 2933 2935 2936 2937 2938 2940 2943 2944 2945 2946 2949 2954 2955 2958 2959 2961 2962 2963 2964 2966 2967 2968 2969 2970 2971 2973 2974 2975 2980 2981 2983 2984 2986 2987 2988 2989 2990 2991 2992 2993 2994 2995 2996 2999 3000 3001 3002 3003 3005 3006 3007 3008 3010 3014 3017 3025 3027 3034 3043 3051 
	}
	manpower=220519
	buildings_max_level_factor=1.000
}
