
state={
	id=389
	name="STATE_389"

	history={
		owner = ISI
		buildings = {
			infrastructure = 1

		}
		add_core_of = ISI

	}

	provinces={
		2130 2168 2188 2200 2218 2229 2238 2248 2254 2263 2264 2279 2286 2287 2292 2304 2307 2308 2313 2316 2317 2327 2332 2341 2350 2356 2366 2367 2375 2377 2378 2385 2387 2388 2402 2403 2412 2420 2425 2438 2439 2444 2454 2455 2463 2464 2465 2467 2484 2485 2486 2490 2503 2504 2512 2516 2526 2527 2538 2552 2553 2556 2568 2569 2570 2579 2593 2599 2605 2606 2607 2613 2623 2624 2625 2626 2643 2644 2649 2650 2655 2656 2664 2680 2681 2687 2699 2700 2714 2720 2753 2754 2770 2790 3808 
	}
	manpower=86091
	buildings_max_level_factor=1.000
}
