state={
	id=392
	name="STATE_392"

	history={
		owner = ISI
		buildings = {
			infrastructure = 1

		}
		add_core_of = ISI

	}

	provinces={
		1999 2027 2034 2046 2060 2063 2071 2072 2083 2090 2094 2108 2134 2141 2142 2143 2149 2155 2175 2185 2186 2187 2189 2198 2205 2210 2215 2216 2224 2234 2240 2243 2246 2249 2250 2268 2269 2275 2276 2280 2294 2296 2299 2300 2305 2321 2344 2345 2352 2353 2369 2370 2380 2405 2416 2426 2456 2457 2458 2475 2507 2517 2524 2548 2557 2602 2608 2652 2673 
	}
	manpower=0
	buildings_max_level_factor=1.000
}
