
state={
	id=393
	name="STATE_393"

	history={
		owner = ISI
		buildings = {
			infrastructure = 1

		}
		add_core_of = ISI

	}

	provinces={
		2351 2357 2358 2379 2390 2392 2410 2414 2415 2421 2429 2430 2468 2474 2479 2487 2505 2506 2513 2523 2528 2539 2540 2547 2562 2563 2571 2580 2594 2600 2601 2611 2612 2619 2627 2628 2630 2635 2636 2639 2651 2660 2661 2665 2666 2672 2682 2683 2688 2692 2702 2721 2722 2727 2733 2743 2744 2750 2751 2755 2776 2783 2798 2821 2850 2877 3806 
	}
	manpower=65079
	buildings_max_level_factor=1.000
}
