
state={
	id=543
	name="STATE_543"

	history={
		owner = HEZ
		buildings = {
			infrastructure = 1

		}
		add_core_of = HEZ

	}

	provinces={
		1538 2671 3675 3808 4272 4310 4315 4319 4322 4332 4334 4335 4336 4337 4341 4343 4347 4348 4349 4350 4352 4360 4362 4363 4365 4366 4367 4370 4371 4373 4375 4378 4382 4384 4388 4389 4391 4392 4393 4394 4395 4396 4397 4398 4401 4402 4403 4405 4406 4408 4410 4411 4412 4415 4418 4419 4420 4421 4422 4425 4426 4427 4428 4430 4431 4434 4435 4436 4437 4438 4442 4443 4445 4446 4449 4454 4457 4459 4462 4477 4529 4594 4595 4600 4602 4604 4608 4613 4896 4897 4907 4909 4910 4911 4914 4923 4927 4929 
	}
	manpower=157000
	buildings_max_level_factor=1.000
}
